t # 0
v 0 17
v 1 19
v 2 11
v 3 4
v 4 18
e 0 1 3
e 0 2 0
e 0 3 1
e 0 4 5
e 1 2 7
e 1 3 6
e 1 4 4
e 2 3 9
e 2 4 13
e 3 4 14
t # 1
v 0 0
v 1 13
v 2 19
v 3 13
v 4 11
e 0 1 1
e 0 2 3
e 0 3 7
e 0 4 5
e 1 2 13
e 1 3 15
e 1 4 6
e 2 3 4
e 2 4 12
e 3 4 2
t # 2
v 0 12
v 1 2
v 2 7
v 3 18
v 4 16
e 0 1 0
e 0 2 15
e 0 3 5
e 0 4 9
e 1 2 4
e 1 3 13
e 1 4 2
e 2 3 17
e 2 4 1
e 3 4 3
t # 3
v 0 0
v 1 19
v 2 2
v 3 18
v 4 12
e 0 1 13
e 0 2 4
e 0 3 9
e 0 4 5
e 1 2 8
e 1 3 10
e 1 4 7
e 2 3 3
e 2 4 11
e 3 4 0
t # 4
v 0 19
v 1 2
v 2 6
v 3 11
v 4 19
e 0 1 5
e 0 2 4
e 0 3 12
e 0 4 10
e 1 2 17
e 1 3 3
e 1 4 11
e 2 3 8
e 2 4 0
e 3 4 1
t # 5
v 0 15
v 1 12
v 2 15
v 3 1
v 4 16
e 0 1 7
e 0 2 2
e 0 3 0
e 0 4 11
e 1 2 1
e 1 3 8
e 1 4 6
e 2 3 4
e 2 4 16
e 3 4 12
t # 6
v 0 8
v 1 5
v 2 17
v 3 12
v 4 16
e 0 1 6
e 0 2 4
e 0 3 5
e 0 4 7
e 1 2 3
e 1 3 16
e 1 4 13
e 2 3 2
e 2 4 12
e 3 4 9
t # 7
v 0 0
v 1 19
v 2 2
v 3 15
v 4 5
e 0 1 5
e 0 2 18
e 0 3 10
e 0 4 3
e 1 2 4
e 1 3 8
e 1 4 1
e 2 3 16
e 2 4 12
e 3 4 0
t # 8
v 0 19
v 1 0
v 2 3
v 3 4
v 4 3
e 0 1 11
e 0 2 17
e 0 3 2
e 0 4 8
e 1 2 1
e 1 3 19
e 1 4 0
e 2 3 6
e 2 4 9
e 3 4 5
t # 9
v 0 8
v 1 3
v 2 19
v 3 9
v 4 5
e 0 1 3
e 0 2 2
e 0 3 15
e 0 4 6
e 1 2 8
e 1 3 1
e 1 4 19
e 2 3 4
e 2 4 16
e 3 4 5
t # 10
v 0 0
v 1 5
v 2 7
v 3 8
v 4 8
e 0 1 0
e 0 2 10
e 0 3 6
e 0 4 5
e 1 2 7
e 1 3 3
e 1 4 18
e 2 3 12
e 2 4 9
e 3 4 4
t # 11
v 0 14
v 1 13
v 2 4
v 3 1
v 4 6
e 0 1 5
e 0 2 0
e 0 3 11
e 0 4 1
e 1 2 6
e 1 3 15
e 1 4 14
e 2 3 3
e 2 4 18
e 3 4 12
t # 12
v 0 17
v 1 14
v 2 0
v 3 6
v 4 15
e 0 1 17
e 0 2 12
e 0 3 1
e 0 4 7
e 1 2 10
e 1 3 4
e 1 4 3
e 2 3 18
e 2 4 8
e 3 4 5
t # 13
v 0 4
v 1 10
v 2 11
v 3 6
v 4 15
e 0 1 5
e 0 2 1
e 0 3 10
e 0 4 19
e 1 2 16
e 1 3 4
e 1 4 0
e 2 3 14
e 2 4 7
e 3 4 9
t # 14
v 0 2
v 1 5
v 2 8
v 3 14
v 4 13
e 0 1 16
e 0 2 15
e 0 3 6
e 0 4 1
e 1 2 0
e 1 3 2
e 1 4 12
e 2 3 10
e 2 4 17
e 3 4 5
t # 15
v 0 1
v 1 9
v 2 5
v 3 4
v 4 1
e 0 1 0
e 0 2 9
e 0 3 10
e 0 4 11
e 1 2 4
e 1 3 3
e 1 4 17
e 2 3 18
e 2 4 5
e 3 4 7
t # 16
v 0 8
v 1 1
v 2 1
v 3 16
v 4 16
e 0 1 14
e 0 2 1
e 0 3 9
e 0 4 6
e 1 2 5
e 1 3 10
e 1 4 13
e 2 3 3
e 2 4 11
e 3 4 12
t # 17
v 0 9
v 1 11
v 2 14
v 3 7
v 4 9
e 0 1 17
e 0 2 2
e 0 3 7
e 0 4 19
e 1 2 0
e 1 3 15
e 1 4 11
e 2 3 1
e 2 4 9
e 3 4 5
t # 18
v 0 3
v 1 12
v 2 16
v 3 7
v 4 4
e 0 1 8
e 0 2 12
e 0 3 19
e 0 4 2
e 1 2 0
e 1 3 13
e 1 4 17
e 2 3 1
e 2 4 10
e 3 4 4
t # 19
v 0 2
v 1 13
v 2 7
v 3 0
v 4 4
e 0 1 10
e 0 2 11
e 0 3 1
e 0 4 3
e 1 2 8
e 1 3 7
e 1 4 14
e 2 3 15
e 2 4 13
e 3 4 4
t # 20
v 0 18
v 1 0
v 2 6
v 3 5
v 4 11
e 0 1 5
e 0 2 7
e 0 3 10
e 0 4 9
e 1 2 11
e 1 3 4
e 1 4 8
e 2 3 2
e 2 4 14
e 3 4 16
t # 21
v 0 1
v 1 12
v 2 0
v 3 15
v 4 18
e 0 1 16
e 0 2 2
e 0 3 0
e 0 4 18
e 1 2 10
e 1 3 14
e 1 4 7
e 2 3 5
e 2 4 3
e 3 4 6
t # 22
v 0 11
v 1 16
v 2 17
v 3 14
v 4 13
e 0 1 9
e 0 2 3
e 0 3 0
e 0 4 4
e 1 2 8
e 1 3 13
e 1 4 5
e 2 3 10
e 2 4 14
e 3 4 15
t # 23
v 0 12
v 1 6
v 2 7
v 3 0
v 4 1
e 0 1 14
e 0 2 9
e 0 3 0
e 0 4 19
e 1 2 5
e 1 3 10
e 1 4 2
e 2 3 7
e 2 4 11
e 3 4 4
t # 24
v 0 3
v 1 4
v 2 1
v 3 14
v 4 2
e 0 1 1
e 0 2 3
e 0 3 9
e 0 4 11
e 1 2 0
e 1 3 6
e 1 4 16
e 2 3 4
e 2 4 13
e 3 4 17
t # 25
v 0 19
v 1 9
v 2 4
v 3 15
v 4 2
e 0 1 6
e 0 2 15
e 0 3 12
e 0 4 4
e 1 2 8
e 1 3 0
e 1 4 14
e 2 3 11
e 2 4 3
e 3 4 7
t # 26
v 0 5
v 1 6
v 2 14
v 3 1
v 4 12
e 0 1 9
e 0 2 18
e 0 3 5
e 0 4 8
e 1 2 1
e 1 3 6
e 1 4 2
e 2 3 7
e 2 4 12
e 3 4 15
t # 27
v 0 12
v 1 4
v 2 2
v 3 2
v 4 3
e 0 1 19
e 0 2 4
e 0 3 9
e 0 4 0
e 1 2 1
e 1 3 8
e 1 4 18
e 2 3 5
e 2 4 7
e 3 4 11
t # 28
v 0 7
v 1 7
v 2 14
v 3 0
v 4 18
e 0 1 16
e 0 2 13
e 0 3 7
e 0 4 12
e 1 2 4
e 1 3 5
e 1 4 0
e 2 3 8
e 2 4 14
e 3 4 3
t # 29
v 0 6
v 1 13
v 2 15
v 3 8
v 4 3
e 0 1 14
e 0 2 12
e 0 3 1
e 0 4 9
e 1 2 6
e 1 3 7
e 1 4 19
e 2 3 2
e 2 4 13
e 3 4 10
t # 30
v 0 6
v 1 12
v 2 10
v 3 4
v 4 4
e 0 1 16
e 0 2 2
e 0 3 8
e 0 4 3
e 1 2 4
e 1 3 10
e 1 4 13
e 2 3 5
e 2 4 17
e 3 4 15
t # 31
v 0 2
v 1 19
v 2 4
v 3 6
v 4 17
e 0 1 17
e 0 2 2
e 0 3 0
e 0 4 14
e 1 2 13
e 1 3 1
e 1 4 19
e 2 3 5
e 2 4 4
e 3 4 18
t # 32
v 0 2
v 1 14
v 2 2
v 3 13
v 4 11
e 0 1 17
e 0 2 1
e 0 3 16
e 0 4 15
e 1 2 0
e 1 3 2
e 1 4 13
e 2 3 3
e 2 4 11
e 3 4 14
t # 33
v 0 0
v 1 12
v 2 7
v 3 8
v 4 16
e 0 1 0
e 0 2 10
e 0 3 6
e 0 4 8
e 1 2 14
e 1 3 9
e 1 4 4
e 2 3 12
e 2 4 18
e 3 4 11
t # 34
v 0 1
v 1 0
v 2 7
v 3 7
v 4 4
e 0 1 9
e 0 2 1
e 0 3 16
e 0 4 7
e 1 2 12
e 1 3 13
e 1 4 17
e 2 3 5
e 2 4 4
e 3 4 8
t # 35
v 0 3
v 1 11
v 2 0
v 3 3
v 4 6
e 0 1 6
e 0 2 0
e 0 3 2
e 0 4 19
e 1 2 11
e 1 3 12
e 1 4 9
e 2 3 15
e 2 4 4
e 3 4 14
t # 36
v 0 14
v 1 15
v 2 15
v 3 14
v 4 19
e 0 1 8
e 0 2 18
e 0 3 2
e 0 4 16
e 1 2 13
e 1 3 17
e 1 4 0
e 2 3 7
e 2 4 5
e 3 4 6
t # 37
v 0 0
v 1 10
v 2 13
v 3 13
v 4 19
e 0 1 2
e 0 2 18
e 0 3 1
e 0 4 17
e 1 2 3
e 1 3 0
e 1 4 10
e 2 3 14
e 2 4 19
e 3 4 11
t # 38
v 0 3
v 1 7
v 2 15
v 3 12
v 4 7
e 0 1 12
e 0 2 11
e 0 3 2
e 0 4 10
e 1 2 4
e 1 3 19
e 1 4 8
e 2 3 7
e 2 4 17
e 3 4 5
t # 39
v 0 12
v 1 9
v 2 13
v 3 4
v 4 13
e 0 1 16
e 0 2 5
e 0 3 2
e 0 4 1
e 1 2 12
e 1 3 15
e 1 4 14
e 2 3 0
e 2 4 11
e 3 4 13
t # 40
v 0 16
v 1 14
v 2 4
v 3 7
v 4 4
e 0 1 10
e 0 2 5
e 0 3 2
e 0 4 13
e 1 2 8
e 1 3 15
e 1 4 12
e 2 3 3
e 2 4 4
e 3 4 17
t # 41
v 0 19
v 1 15
v 2 15
v 3 9
v 4 7
e 0 1 2
e 0 2 8
e 0 3 5
e 0 4 16
e 1 2 13
e 1 3 18
e 1 4 14
e 2 3 6
e 2 4 7
e 3 4 0
t # 42
v 0 7
v 1 3
v 2 12
v 3 3
v 4 5
e 0 1 12
e 0 2 4
e 0 3 0
e 0 4 18
e 1 2 19
e 1 3 2
e 1 4 1
e 2 3 7
e 2 4 10
e 3 4 16
t # 43
v 0 10
v 1 18
v 2 0
v 3 18
v 4 3
e 0 1 14
e 0 2 0
e 0 3 9
e 0 4 6
e 1 2 12
e 1 3 7
e 1 4 4
e 2 3 15
e 2 4 5
e 3 4 17
t # 44
v 0 17
v 1 9
v 2 8
v 3 16
v 4 18
e 0 1 6
e 0 2 9
e 0 3 12
e 0 4 18
e 1 2 5
e 1 3 3
e 1 4 16
e 2 3 7
e 2 4 4
e 3 4 8
t # 45
v 0 17
v 1 6
v 2 8
v 3 4
v 4 19
e 0 1 12
e 0 2 8
e 0 3 5
e 0 4 14
e 1 2 18
e 1 3 9
e 1 4 11
e 2 3 1
e 2 4 13
e 3 4 0
t # 46
v 0 9
v 1 2
v 2 4
v 3 12
v 4 12
e 0 1 10
e 0 2 11
e 0 3 2
e 0 4 6
e 1 2 12
e 1 3 14
e 1 4 13
e 2 3 0
e 2 4 18
e 3 4 5
t # 47
v 0 4
v 1 0
v 2 14
v 3 18
v 4 5
e 0 1 8
e 0 2 9
e 0 3 19
e 0 4 1
e 1 2 16
e 1 3 4
e 1 4 0
e 2 3 13
e 2 4 11
e 3 4 10
t # 48
v 0 18
v 1 17
v 2 11
v 3 14
v 4 1
e 0 1 14
e 0 2 11
e 0 3 6
e 0 4 16
e 1 2 3
e 1 3 19
e 1 4 1
e 2 3 2
e 2 4 8
e 3 4 10
t # 49
v 0 18
v 1 8
v 2 11
v 3 9
v 4 11
e 0 1 8
e 0 2 4
e 0 3 12
e 0 4 16
e 1 2 13
e 1 3 0
e 1 4 11
e 2 3 1
e 2 4 10
e 3 4 15
t # 50
v 0 9
v 1 17
v 2 4
v 3 12
v 4 2
e 0 1 11
e 0 2 5
e 0 3 7
e 0 4 19
e 1 2 2
e 1 3 1
e 1 4 9
e 2 3 18
e 2 4 12
e 3 4 6
t # 51
v 0 7
v 1 9
v 2 12
v 3 17
v 4 2
e 0 1 5
e 0 2 17
e 0 3 19
e 0 4 9
e 1 2 4
e 1 3 3
e 1 4 18
e 2 3 1
e 2 4 12
e 3 4 14
t # 52
v 0 5
v 1 3
v 2 18
v 3 9
v 4 2
e 0 1 12
e 0 2 18
e 0 3 15
e 0 4 7
e 1 2 17
e 1 3 2
e 1 4 4
e 2 3 5
e 2 4 8
e 3 4 14
t # 53
v 0 12
v 1 15
v 2 3
v 3 3
v 4 1
e 0 1 16
e 0 2 8
e 0 3 14
e 0 4 7
e 1 2 18
e 1 3 2
e 1 4 4
e 2 3 19
e 2 4 5
e 3 4 9
t # 54
v 0 17
v 1 15
v 2 6
v 3 0
v 4 6
e 0 1 3
e 0 2 14
e 0 3 0
e 0 4 17
e 1 2 16
e 1 3 13
e 1 4 2
e 2 3 19
e 2 4 6
e 3 4 12
t # 55
v 0 7
v 1 15
v 2 10
v 3 18
v 4 16
e 0 1 17
e 0 2 12
e 0 3 3
e 0 4 18
e 1 2 8
e 1 3 11
e 1 4 1
e 2 3 19
e 2 4 10
e 3 4 4
t # 56
v 0 19
v 1 7
v 2 2
v 3 10
v 4 11
e 0 1 19
e 0 2 17
e 0 3 16
e 0 4 0
e 1 2 14
e 1 3 13
e 1 4 3
e 2 3 11
e 2 4 2
e 3 4 8
t # 57
v 0 6
v 1 8
v 2 4
v 3 15
v 4 16
e 0 1 13
e 0 2 1
e 0 3 12
e 0 4 9
e 1 2 16
e 1 3 8
e 1 4 4
e 2 3 17
e 2 4 5
e 3 4 15
t # 58
v 0 5
v 1 5
v 2 16
v 3 3
v 4 12
e 0 1 10
e 0 2 9
e 0 3 12
e 0 4 16
e 1 2 4
e 1 3 2
e 1 4 13
e 2 3 5
e 2 4 11
e 3 4 18
t # 59
v 0 17
v 1 10
v 2 15
v 3 5
v 4 4
e 0 1 10
e 0 2 13
e 0 3 15
e 0 4 6
e 1 2 11
e 1 3 16
e 1 4 12
e 2 3 5
e 2 4 4
e 3 4 8
t # 60
v 0 18
v 1 0
v 2 8
v 3 10
v 4 13
e 0 1 1
e 0 2 8
e 0 3 18
e 0 4 0
e 1 2 7
e 1 3 19
e 1 4 6
e 2 3 14
e 2 4 16
e 3 4 12
t # 61
v 0 0
v 1 15
v 2 8
v 3 0
v 4 12
e 0 1 15
e 0 2 9
e 0 3 19
e 0 4 5
e 1 2 7
e 1 3 12
e 1 4 0
e 2 3 14
e 2 4 18
e 3 4 2
t # 62
v 0 18
v 1 13
v 2 11
v 3 17
v 4 0
e 0 1 9
e 0 2 5
e 0 3 18
e 0 4 3
e 1 2 6
e 1 3 19
e 1 4 15
e 2 3 10
e 2 4 2
e 3 4 14
t # 63
v 0 15
v 1 7
v 2 3
v 3 4
v 4 18
e 0 1 13
e 0 2 11
e 0 3 0
e 0 4 4
e 1 2 18
e 1 3 14
e 1 4 16
e 2 3 15
e 2 4 2
e 3 4 8
t # 64
v 0 19
v 1 1
v 2 17
v 3 5
v 4 2
e 0 1 8
e 0 2 11
e 0 3 16
e 0 4 2
e 1 2 13
e 1 3 14
e 1 4 5
e 2 3 9
e 2 4 3
e 3 4 17
t # 65
v 0 6
v 1 16
v 2 5
v 3 10
v 4 6
e 0 1 8
e 0 2 9
e 0 3 16
e 0 4 6
e 1 2 1
e 1 3 14
e 1 4 2
e 2 3 15
e 2 4 17
e 3 4 11
t # 66
v 0 16
v 1 5
v 2 9
v 3 7
v 4 12
e 0 1 19
e 0 2 14
e 0 3 6
e 0 4 1
e 1 2 17
e 1 3 8
e 1 4 15
e 2 3 7
e 2 4 5
e 3 4 4
t # 67
v 0 14
v 1 13
v 2 18
v 3 17
v 4 14
e 0 1 17
e 0 2 10
e 0 3 0
e 0 4 18
e 1 2 9
e 1 3 14
e 1 4 3
e 2 3 15
e 2 4 4
e 3 4 7
t # 68
v 0 15
v 1 3
v 2 14
v 3 4
v 4 7
e 0 1 4
e 0 2 19
e 0 3 13
e 0 4 14
e 1 2 6
e 1 3 3
e 1 4 17
e 2 3 18
e 2 4 9
e 3 4 7
t # 69
v 0 1
v 1 17
v 2 10
v 3 18
v 4 12
e 0 1 8
e 0 2 4
e 0 3 7
e 0 4 15
e 1 2 17
e 1 3 19
e 1 4 0
e 2 3 16
e 2 4 13
e 3 4 11
t # 70
v 0 7
v 1 2
v 2 5
v 3 7
v 4 6
e 0 1 9
e 0 2 10
e 0 3 8
e 0 4 6
e 1 2 2
e 1 3 11
e 1 4 16
e 2 3 13
e 2 4 17
e 3 4 18
t # 71
v 0 2
v 1 18
v 2 7
v 3 5
v 4 6
e 0 1 1
e 0 2 19
e 0 3 7
e 0 4 8
e 1 2 11
e 1 3 16
e 1 4 12
e 2 3 13
e 2 4 10
e 3 4 14
t # 72
v 0 10
v 1 5
v 2 13
v 3 15
v 4 2
e 0 1 18
e 0 2 10
e 0 3 19
e 0 4 2
e 1 2 1
e 1 3 5
e 1 4 16
e 2 3 9
e 2 4 15
e 3 4 13
t # 73
v 0 1
v 1 19
v 2 6
v 3 2
v 4 11
e 0 1 11
e 0 2 17
e 0 3 18
e 0 4 7
e 1 2 5
e 1 3 19
e 1 4 15
e 2 3 1
e 2 4 6
e 3 4 10
t # 74
v 0 4
v 1 7
v 2 2
v 3 5
v 4 8
e 0 1 18
e 0 2 12
e 0 3 13
e 0 4 19
e 1 2 9
e 1 3 6
e 1 4 2
e 2 3 15
e 2 4 14
e 3 4 1
t # 75
v 0 16
v 1 0
v 2 14
v 3 14
v 4 1
e 0 1 16
e 0 2 18
e 0 3 15
e 0 4 14
e 1 2 9
e 1 3 19
e 1 4 8
e 2 3 3
e 2 4 4
e 3 4 0
t # 76
v 0 2
v 1 4
v 2 8
v 3 10
v 4 12
e 0 1 0
e 0 2 2
e 0 3 10
e 0 4 15
e 1 2 19
e 1 3 11
e 1 4 6
e 2 3 8
e 2 4 18
e 3 4 17
t # 77
v 0 4
v 1 19
v 2 4
v 3 19
v 4 4
e 0 1 2
e 0 2 13
e 0 3 10
e 0 4 8
e 1 2 18
e 1 3 15
e 1 4 11
e 2 3 19
e 2 4 7
e 3 4 1
t # 78
v 0 12
v 1 19
v 2 7
v 3 9
v 4 17
e 0 1 15
e 0 2 13
e 0 3 16
e 0 4 11
e 1 2 14
e 1 3 9
e 1 4 8
e 2 3 10
e 2 4 1
e 3 4 7
t # 79
v 0 9
v 1 13
v 2 19
v 3 6
v 4 4
e 0 1 3
e 0 2 17
e 0 3 15
e 0 4 2
e 1 2 8
e 1 3 16
e 1 4 12
e 2 3 10
e 2 4 14
e 3 4 7
t # 80
v 0 11
v 1 11
v 2 8
v 3 2
v 4 0
e 0 1 16
e 0 2 9
e 0 3 6
e 0 4 18
e 1 2 14
e 1 3 7
e 1 4 15
e 2 3 11
e 2 4 3
e 3 4 5
t # 81
v 0 10
v 1 4
v 2 18
v 3 9
v 4 17
e 0 1 7
e 0 2 11
e 0 3 10
e 0 4 3
e 1 2 14
e 1 3 6
e 1 4 19
e 2 3 13
e 2 4 5
e 3 4 17
t # 82
v 0 8
v 1 7
v 2 0
v 3 0
v 4 17
e 0 1 17
e 0 2 13
e 0 3 14
e 0 4 16
e 1 2 5
e 1 3 15
e 1 4 11
e 2 3 2
e 2 4 12
e 3 4 0
t # 83
v 0 17
v 1 12
v 2 9
v 3 13
v 4 8
e 0 1 6
e 0 2 14
e 0 3 15
e 0 4 18
e 1 2 4
e 1 3 1
e 1 4 17
e 2 3 3
e 2 4 19
e 3 4 8
t # 84
v 0 14
v 1 6
v 2 5
v 3 11
v 4 4
e 0 1 18
e 0 2 2
e 0 3 16
e 0 4 0
e 1 2 3
e 1 3 13
e 1 4 17
e 2 3 19
e 2 4 6
e 3 4 11
t # 85
v 0 16
v 1 12
v 2 2
v 3 4
v 4 7
e 0 1 14
e 0 2 13
e 0 3 0
e 0 4 15
e 1 2 18
e 1 3 16
e 1 4 10
e 2 3 11
e 2 4 19
e 3 4 3
t # 86
v 0 5
v 1 9
v 2 3
v 3 19
v 4 9
e 0 1 16
e 0 2 4
e 0 3 10
e 0 4 17
e 1 2 18
e 1 3 13
e 1 4 19
e 2 3 2
e 2 4 14
e 3 4 5
t # 87
v 0 15
v 1 9
v 2 15
v 3 11
v 4 17
e 0 1 7
e 0 2 12
e 0 3 9
e 0 4 17
e 1 2 10
e 1 3 11
e 1 4 19
e 2 3 2
e 2 4 14
e 3 4 16
t # 88
v 0 10
v 1 1
v 2 9
v 3 4
v 4 16
e 0 1 16
e 0 2 18
e 0 3 11
e 0 4 10
e 1 2 9
e 1 3 12
e 1 4 8
e 2 3 13
e 2 4 19
e 3 4 1
t # 89
v 0 3
v 1 4
v 2 10
v 3 14
v 4 6
e 0 1 7
e 0 2 16
e 0 3 5
e 0 4 10
e 1 2 17
e 1 3 18
e 1 4 13
e 2 3 9
e 2 4 2
e 3 4 19
t # 90
v 0 12
v 1 9
v 2 6
v 3 4
v 4 14
e 0 1 1
e 0 2 16
e 0 3 6
e 0 4 15
e 1 2 5
e 1 3 4
e 1 4 14
e 2 3 19
e 2 4 17
e 3 4 18
t # 91
v 0 3
v 1 17
v 2 17
v 3 19
v 4 0
e 0 1 17
e 0 2 10
e 0 3 15
e 0 4 9
e 1 2 11
e 1 3 14
e 1 4 12
e 2 3 16
e 2 4 6
e 3 4 5
t # 92
v 0 3
v 1 9
v 2 14
v 3 17
v 4 17
e 0 1 14
e 0 2 17
e 0 3 7
e 0 4 18
e 1 2 4
e 1 3 3
e 1 4 15
e 2 3 11
e 2 4 12
e 3 4 13
t # 93
v 0 14
v 1 13
v 2 5
v 3 7
v 4 16
e 0 1 17
e 0 2 19
e 0 3 18
e 0 4 4
e 1 2 3
e 1 3 14
e 1 4 6
e 2 3 8
e 2 4 13
e 3 4 12
t # 94
v 0 6
v 1 8
v 2 7
v 3 17
v 4 14
e 0 1 19
e 0 2 17
e 0 3 3
e 0 4 12
e 1 2 15
e 1 3 11
e 1 4 4
e 2 3 16
e 2 4 2
e 3 4 14
t # 95
v 0 9
v 1 2
v 2 18
v 3 18
v 4 4
e 0 1 16
e 0 2 9
e 0 3 17
e 0 4 4
e 1 2 2
e 1 3 11
e 1 4 8
e 2 3 14
e 2 4 12
e 3 4 19
t # 96
v 0 4
v 1 17
v 2 18
v 3 2
v 4 3
e 0 1 0
e 0 2 11
e 0 3 17
e 0 4 12
e 1 2 18
e 1 3 9
e 1 4 15
e 2 3 16
e 2 4 5
e 3 4 19
t # 97
v 0 18
v 1 3
v 2 2
v 3 8
v 4 8
e 0 1 0
e 0 2 12
e 0 3 11
e 0 4 14
e 1 2 19
e 1 3 13
e 1 4 17
e 2 3 18
e 2 4 2
e 3 4 16
t # 98
v 0 1
v 1 1
v 2 11
v 3 19
v 4 19
e 0 1 4
e 0 2 12
e 0 3 17
e 0 4 1
e 1 2 13
e 1 3 11
e 1 4 10
e 2 3 18
e 2 4 15
e 3 4 19
t # 99
v 0 0
v 1 18
v 2 1
v 3 8
v 4 3
e 0 1 14
e 0 2 12
e 0 3 17
e 0 4 11
e 1 2 19
e 1 3 15
e 1 4 6
e 2 3 13
e 2 4 8
e 3 4 16
